Tsukuba
Omiya
Urawa
Kawagoe
Wakoshi
Akabane
Ikebukuro
Shinjuku
Shibuya
Shinagawa
Yokohama
Tokyo
Akihabara
Ueno
Nippori
Asakusa
Unga
Kashiwa
Abiko
Chiba
Toride
Narita
Funabashi
Nerima
Kichijoji
Moriya
Nagareyamaotakanomori
Atsugi
Chigasaki
Shimokitazawa
0 0 0 0 0 0 0 0 0 0 0 0 0 0 0 0 0 0 0 0 0 0 0 0 0 0 26 0 0 0
0 0 7 23 0 0 0 0 0 0 0 0 0 0 36 0 55 0 0 0 0 0 0 0 0 0 0 0 0 0
0 7 0 0 0 8 0 0 0 0 0 0 0 0 0 0 0 0 0 0 0 0 0 0 0 0 0 0 0 0
0 23 0 0 17 0 0 0 0 0 0 0 0 0 0 0 0 0 0 0 0 0 0 0 0 0 0 0 0 0
0 0 0 17 0 0 14 0 0 0 0 0 0 0 0 0 0 0 0 0 0 0 0 0 0 0 0 0 0 0
0 0 8 0 0 0 13 0 0 0 0 0 0 0 0 0 0 0 0 0 0 0 0 0 0 0 0 0 0 0
0 0 0 0 14 13 0 9 0 0 0 0 0 0 14 0 0 0 0 0 0 0 0 9 0 0 0 0 0 0
0 0 0 0 0 0 9 0 7 0 0 19 0 0 0 0 0 0 0 0 0 0 0 16 17 0 0 67 0 10
0 0 0 0 0 0 0 7 0 13 39 0 0 0 0 0 0 0 0 0 0 0 0 0 24 0 0 0 0 5
0 0 0 0 0 0 0 0 13 0 17 11 0 0 0 0 0 0 0 0 0 0 0 0 0 0 0 0 0 0
0 0 0 0 0 0 0 0 39 17 0 0 0 0 0 0 0 0 0 0 0 0 0 0 0 0 0 0 28 0
0 0 0 0 0 0 0 19 0 11 0 0 4 0 0 0 0 0 0 0 0 0 23 0 0 0 0 0 0 0
0 0 0 0 0 0 0 0 0 0 0 4 0 3 0 4 0 0 0 0 0 0 0 0 0 0 0 0 0 0
0 0 0 0 0 0 0 0 0 0 0 0 3 0 3 5 0 0 0 0 0 0 0 0 0 0 0 0 0 0
0 36 0 0 0 0 14 0 0 0 0 0 0 3 0 0 0 26 0 0 0 0 0 0 0 0 0 0 0 0
0 0 0 0 0 0 0 0 0 0 0 0 4 5 0 0 0 0 0 0 0 0 0 0 0 0 25 0 0 0
0 55 0 0 0 0 0 0 0 0 0 0 0 0 0 0 0 0 0 0 0 0 0 0 0 0 9 0 0 0
0 0 0 0 0 0 0 0 0 0 0 0 0 0 26 0 0 0 5 0 0 0 29 0 0 0 6 0 0 0
0 0 0 0 0 0 0 0 0 0 0 0 0 0 0 0 0 5 0 0 8 41 0 0 0 0 0 0 0 0
0 0 0 0 0 0 0 0 0 0 0 0 0 0 0 0 0 0 0 0 0 33 15 0 0 0 0 0 0 0
0 0 0 0 0 0 0 0 0 0 0 0 0 0 0 0 0 0 8 0 0 0 0 0 0 17 0 0 0 0
0 0 0 0 0 0 0 0 0 0 0 0 0 0 0 0 0 0 41 33 0 0 0 0 0 0 0 0 0 0
0 0 0 0 0 0 0 0 0 0 0 23 0 0 0 0 0 29 0 15 0 0 0 0 0 0 0 0 0 0
0 0 0 0 0 0 9 16 0 0 0 0 0 0 0 0 0 0 0 0 0 0 0 0 0 0 0 0 0 0
0 0 0 0 0 0 0 17 24 0 0 0 0 0 0 0 0 0 0 0 0 0 0 0 0 0 0 0 0 0
0 0 0 0 0 0 0 0 0 0 0 0 0 0 0 0 0 0 0 0 17 0 0 0 0 0 9 0 0 0
26 0 0 0 0 0 0 0 0 0 0 0 0 0 0 25 9 6 0 0 0 0 0 0 0 9 0 0 0 0
0 0 0 0 0 0 0 67 0 0 0 0 0 0 0 0 0 0 0 0 0 0 0 0 0 0 0 0 22 57
0 0 0 0 0 0 0 0 0 0 28 0 0 0 0 0 0 0 0 0 0 0 0 0 0 0 0 22 0 0
0 0 0 0 0 0 0 10 5 0 0 0 0 0 0 0 0 0 0 0 0 0 0 0 0 0 0 57 0 0